33 0.02
349 0.17
580 0.29
637 0.32
401 0.20

0.00: 945
1488 142 0 0 0 
280 1350
0.01: 1150
593 648 0 0 0 
385 856
0.02: 1192
402 714 107 0 0 
439 784
0.03: 1212
400 783 75 0 0 
456 802
0.04: 1230
293 772 66 0 0 
433 698
0.05: 1240
371 748 110 14 0 
460 783
0.06: 1257
249 774 148 0 0 
451 720
0.07: 1274
170 650 263 0 0 
429 654
0.08: 1284
187 668 276 13 0 
456 688
0.09: 1293
139 671 253 12 0 
426 649
0.10: 1300
63 571 408 41 0 
458 625
0.11: 1308
131 689 277 31 0 
474 654
0.12: 1317
63 538 448 13 0 
459 603
0.13: 1324
114 612 327 30 0 
464 619
0.14: 1330
41 541 455 18 0 
472 583
0.15: 1338
67 673 346 0 0 
479 607
0.16: 1346
58 552 440 14 0 
474 590
0.17: 1350
55 574 406 31 0 
476 590
0.18: 1356
33 317 487 150 0 
435 552
0.19: 1361
80 556 485 0 0 
499 622
0.20: 1366
22 565 490 16 0 
500 593
0.21: 1372
17 391 591 79 0 
495 583
0.22: 1378
31 374 487 162 0 
478 576
0.23: 1385
12 324 551 88 0 
451 524
0.24: 1388
46 287 477 186 0 
460 536
0.25: 1391
11 324 616 98 0 
502 547
0.26: 1395
20 367 623 50 0 
491 569
0.27: 1398
19 309 514 151 0 
445 548
0.28: 1402
18 349 572 110 0 
488 561
0.29: 1405
35 322 530 155 13 
503 552
0.30: 1410
13 267 579 155 0 
471 543
0.31: 1415
15 259 520 196 0 
471 519
0.32: 1420
9 176 609 298 0 
526 566
0.33: 1423
22 225 557 168 0 
472 500
0.34: 1428
13 193 582 220 0 
480 528
0.35: 1433
9 252 530 192 0 
464 519
0.36: 1439
12 167 538 241 14 
463 509
0.37: 1444
11 169 564 268 0 
476 536
0.38: 1448
6 158 571 250 16 
477 524
0.39: 1452
15 89 435 401 26 
477 489
0.40: 1455
15 153 500 304 15 
483 504
0.41: 1461
16 84 455 374 24 
456 497
0.42: 1465
15 148 539 285 0 
498 489
0.43: 1470
7 52 431 452 0 
468 474
0.44: 1472
10 108 484 373 0 
492 483
0.45: 1477
12 128 504 368 19 
505 526
0.46: 1481
15 131 507 368 0 
518 503
0.47: 1486
16 138 412 377 28 
472 499
0.48: 1489
9 84 447 404 32 
495 481
0.49: 1493
21 89 387 409 60 
480 486
0.50: 1497
10 31 348 490 69 
476 472
0.51: 1500
8 45 441 454 45 
499 494
0.52: 1504
20 48 395 431 89 
480 503
0.53: 1509
13 16 438 462 32 
487 474
0.54: 1513
7 69 313 442 97 
471 457
0.55: 1517
9 59 392 488 53 
510 491
0.56: 1520
8 30 262 542 127 
512 457
0.57: 1523
8 25 229 513 153 
483 445
0.58: 1527
10 32 354 507 56 
483 476
0.59: 1531
7 52 335 522 90 
517 489
0.60: 1534
19 54 301 480 106 
493 467
0.61: 1538
8 22 283 541 113 
508 459
0.62: 1541
8 47 388 442 93 
499 479
0.63: 1545
10 20 278 518 113 
492 447
0.64: 1550
11 18 121 557 217 
467 457
0.65: 1554
10 18 339 510 99 
501 475
0.66: 1557
9 15 172 566 187 
483 466
0.67: 1565
7 28 226 558 158 
523 454
0.68: 1568
7 19 122 608 279 
554 481
0.69: 1573
9 19 190 485 247 
498 452
0.70: 1576
9 18 182 536 151 
483 413
0.71: 1581
9 29 225 486 218 
521 446
0.72: 1584
13 27 157 484 259 
516 424
0.73: 1589
7 18 81 537 296 
500 439
0.74: 1595
10 15 129 571 233 
515 443
0.75: 1601
7 21 100 507 311 
512 434
0.76: 1606
9 22 119 534 299 
526 457
0.77: 1611
7 15 75 422 394 
510 403
0.78: 1617
9 25 67 510 306 
486 431
0.79: 1621
6 19 113 444 351 
511 422
0.80: 1625
14 18 59 505 355 
528 423
0.81: 1629
7 18 30 522 369 
516 430
0.82: 1642
7 16 34 391 452 
507 393
0.83: 1649
6 16 62 459 379 
517 405
0.84: 1655
6 29 52 354 540 
568 413
0.85: 1661
5 15 75 456 418 
561 408
0.86: 1664
8 17 50 344 509 
537 391
0.87: 1669
6 14 30 420 455 
537 388
0.88: 1677
7 19 19 303 595 
545 398
0.89: 1686
6 19 21 304 572 
541 381
0.90: 1694
7 13 16 294 541 
525 346
0.91: 1701
5 15 17 320 577 
549 385
0.92: 1708
5 16 16 275 617 
559 370
0.93: 1721
7 14 19 276 599 
564 351
0.94: 1734
10 15 17 236 670 
591 357
0.95: 1748
6 15 20 189 620 
555 295
0.96: 1768
7 13 14 154 741 
620 309
0.97: 1790
6 12 13 126 731 
602 286
0.98: 1821
6 12 13 71 808 
652 258
0.99: 1849
6 15 18 33 793 
629 236
